env_name,algname,gamma,epsilon,threshold,Iteration,V_variation,V_max_diff,V_average,V_sum,clock_time,# chg action at iter,# chg actions
"frozen-lake-(20, 20)",PI,0.95,0.001,5.263157894736847e-05,1,0.21111111111111108,0.21111111111111108,0.0029861111111111104,1.1944444444444442,0.006305217742919922,2,2
"frozen-lake-(20, 20)",PI,0.95,0.001,5.263157894736847e-05,2,0.10027777777777774,0.10027777777777774,0.004239583333333332,1.6958333333333329,0.009565353393554688,4,6
"frozen-lake-(20, 20)",PI,0.95,0.001,5.263157894736847e-05,3,0.09526388888888887,0.09526388888888887,0.005377457561728393,2.1509830246913575,0.013178348541259766,3,9
"frozen-lake-(20, 20)",PI,0.95,0.001,5.263157894736847e-05,4,0.07374130658436209,0.07374130658436209,0.0064081599151234545,2.563263966049382,0.016712188720703125,3,12
"frozen-lake-(20, 20)",PI,0.95,0.001,5.263157894736847e-05,5,0.05625567858367625,0.05625567858367625,0.007368752162637172,2.947500865054869,0.02044224739074707,5,17
"frozen-lake-(20, 20)",PI,0.95,0.001,5.263157894736847e-05,6,0.04974558747713759,0.04974558747713759,0.008261987964802667,3.3047951859210665,0.025109052658081055,8,25
"frozen-lake-(20, 20)",PI,0.95,0.001,5.263157894736847e-05,7,0.03693385790954595,0.03693385790954595,0.009113222917631468,3.645289167052587,0.02950119972229004,13,38
"frozen-lake-(20, 20)",PI,0.95,0.001,5.263157894736847e-05,8,0.033536723524493994,0.033536723524493994,0.009928889962146801,3.9715559848587203,0.033338069915771484,11,49
"frozen-lake-(20, 20)",PI,0.95,0.001,5.263157894736847e-05,9,0.027643922355784778,0.027643922355784778,0.010718983148396597,4.287593259358639,0.0379481315612793,10,59
"frozen-lake-(20, 20)",PI,0.95,0.001,5.263157894736847e-05,10,0.022976475542586028,0.022976475542586028,0.011492047927519573,4.596819171007829,0.041735172271728516,9,68
"frozen-lake-(20, 20)",PI,0.95,0.001,5.263157894736847e-05,11,0.020672800522202384,0.020672800522202384,0.012247300840099996,4.898920336039998,0.04520916938781738,10,78
"frozen-lake-(20, 20)",PI,0.95,0.001,5.263157894736847e-05,12,0.01672980587190634,0.01672980587190634,0.012994270183452275,5.19770807338091,0.04860210418701172,10,88
"frozen-lake-(20, 20)",PI,0.95,0.001,5.263157894736847e-05,13,0.015613191906725499,0.015613191906725499,0.013725634452214147,5.490253780885658,0.05204415321350098,8,96
"frozen-lake-(20, 20)",PI,0.95,0.001,5.263157894736847e-05,14,0.0137136493199905,0.0137136493199905,0.014451279156056705,5.780511662422682,0.05548906326293945,9,105
"frozen-lake-(20, 20)",PI,0.95,0.001,5.263157894736847e-05,15,0.012082619314429499,0.012082619314429499,0.015160440521571164,6.064176208628465,0.05885195732116699,9,114
"frozen-lake-(20, 20)",PI,0.95,0.001,5.263157894736847e-05,16,0.011233467544534304,0.011233467544534304,0.01586314023848555,6.345256095394219,0.06219887733459473,11,125
"frozen-lake-(20, 20)",PI,0.95,0.001,5.263157894736847e-05,17,0.009963643270631428,0.009963643270631428,0.016547203875921415,6.618881550368566,0.0655670166015625,10,135
"frozen-lake-(20, 20)",PI,0.95,0.001,5.263157894736847e-05,18,0.00939371580105025,0.00939371580105025,0.017222691404065377,6.88907656162615,0.06888389587402344,9,144
"frozen-lake-(20, 20)",PI,0.95,0.001,5.263157894736847e-05,19,0.008603118383549546,0.008603118383549546,0.017877252196253433,7.150900878501373,0.07212185859680176,11,155
"frozen-lake-(20, 20)",PI,0.95,0.001,5.263157894736847e-05,20,0.007998905676238705,0.007998905676238705,0.018520879502897478,7.40835180115899,0.07520484924316406,17,172
"frozen-lake-(20, 20)",PI,0.95,0.001,5.263157894736847e-05,21,0.007419102118589371,0.007419102118589371,0.01914174350672524,7.656697402690096,0.07844901084899902,21,193
"frozen-lake-(20, 20)",PI,0.95,0.001,5.263157894736847e-05,22,0.006871575388173262,0.006871575388173262,0.019749631478637925,7.899852591455169,0.08196592330932617,24,217
"frozen-lake-(20, 20)",PI,0.95,0.001,5.263157894736847e-05,23,0.006378050668211288,0.006378050668211288,0.020333592678773597,8.133437071509439,0.08636999130249023,26,243
"frozen-lake-(20, 20)",PI,0.95,0.001,5.263157894736847e-05,24,0.005970011134020681,0.005970011134020681,0.02090306384102405,8.36122553640962,0.09032082557678223,27,270
"frozen-lake-(20, 20)",PI,0.95,0.001,5.263157894736847e-05,25,0.005507806364675738,0.005507806364675738,0.021448126911568707,8.579250764627483,0.09351062774658203,24,294
"frozen-lake-(20, 20)",PI,0.95,0.001,5.263157894736847e-05,26,0.00513593437144319,0.00513593437144319,0.02197774593683904,8.791098374735617,0.0967864990234375,20,314
"frozen-lake-(20, 20)",PI,0.95,0.001,5.263157894736847e-05,27,0.004815043183783355,0.004815043183783355,0.022483069189717368,8.993227675886947,0.09999752044677734,17,331
"frozen-lake-(20, 20)",PI,0.95,0.001,5.263157894736847e-05,28,0.00447273116344038,0.00447273116344038,0.022972501687975752,9.1890006751903,0.10391664505004883,13,344
"frozen-lake-(20, 20)",PI,0.95,0.001,5.263157894736847e-05,29,0.004187219134713593,0.004187219134713593,0.02343822339164288,9.375289356657152,0.10776138305664062,12,356
"frozen-lake-(20, 20)",PI,0.95,0.001,5.263157894736847e-05,30,0.003890465495607065,0.003890465495607065,0.023888031038153793,9.555212415261517,0.11144042015075684,11,367
"frozen-lake-(20, 20)",PI,0.95,0.001,5.263157894736847e-05,31,0.003622213957481954,0.003622213957481954,0.02431506466604629,9.726025866418516,0.11465668678283691,13,380
"frozen-lake-(20, 20)",PI,0.95,0.001,5.263157894736847e-05,32,0.0034168991175779206,0.0034168991175779206,0.02472649523319565,9.89059809327826,0.1188039779663086,10,390
"frozen-lake-(20, 20)",PI,0.95,0.001,5.263157894736847e-05,33,0.003181664457273914,0.003181664457273914,0.02511633340664012,10.046533362656048,0.12300801277160645,7,397
"frozen-lake-(20, 20)",PI,0.95,0.001,5.263157894736847e-05,34,0.0029758977572305195,0.0029758977572305195,0.025491177028909448,10.19647081156378,0.1262989044189453,5,402
"frozen-lake-(20, 20)",PI,0.95,0.001,5.263157894736847e-05,35,0.002773826856542358,0.002773826856542358,0.02584584946927015,10.33833978770806,0.12958693504333496,4,406
"frozen-lake-(20, 20)",PI,0.95,0.001,5.263157894736847e-05,36,0.0025752854522740204,0.0025752854522740204,0.026186333711451213,10.474533484580485,0.13274598121643066,2,408
"frozen-lake-(20, 20)",PI,0.95,0.001,5.263157894736847e-05,37,0.002404274807904727,0.002404274807904727,0.026508075174838077,10.60323006993523,0.1361222267150879,3,411
"frozen-lake-(20, 20)",PI,0.95,0.001,5.263157894736847e-05,38,0.0022257858192258895,0.0022257858192258895,0.026816551245630985,10.726620498252394,0.13950014114379883,3,414
"frozen-lake-(20, 20)",PI,0.95,0.001,5.263157894736847e-05,39,0.0020751899834289267,0.0020751899834289267,0.02710790447626713,10.843161790506851,0.14284515380859375,0,414
"frozen-lake-(20, 20)",PI,0.95,0.001,5.263157894736847e-05,40,0.0019367279976880286,0.0019367279976880286,0.027387051458822385,10.954820583528955,0.14740228652954102,0,414
"frozen-lake-(20, 20)",PI,0.95,0.001,5.263157894736847e-05,41,0.0018009728993403362,0.0018009728993403362,0.027650508057874505,11.060203223149802,0.15073132514953613,0,414
"frozen-lake-(20, 20)",PI,0.95,0.001,5.263157894736847e-05,42,0.0016805965663368727,0.0016805965663368727,0.027902651832245523,11.161060732898209,0.15454554557800293,0,414
"frozen-lake-(20, 20)",PI,0.95,0.001,5.263157894736847e-05,43,0.0015818785131977986,0.0015818785131977986,0.028140466180428342,11.256186472171336,0.15898466110229492,0,414
"frozen-lake-(20, 20)",PI,0.95,0.001,5.263157894736847e-05,44,0.0014611193347430773,0.0014611193347430773,0.028367865215147985,11.347146086059194,0.16221880912780762,2,416
"frozen-lake-(20, 20)",PI,0.95,0.001,5.263157894736847e-05,45,0.0013845800442470052,0.0013845800442470052,0.028582230908830594,11.432892363532238,0.16534686088562012,2,418
"frozen-lake-(20, 20)",PI,0.95,0.001,5.263157894736847e-05,46,0.0012896894091697086,0.0012896894091697086,0.02878706112990616,11.514824451962465,0.17000389099121094,2,420
"frozen-lake-(20, 20)",PI,0.95,0.001,5.263157894736847e-05,47,0.0012083051092167119,0.0012083051092167119,0.028980077459876793,11.592030983950718,0.1734468936920166,3,423
"frozen-lake-(20, 20)",PI,0.95,0.001,5.263157894736847e-05,48,0.00113415419141219,0.00113415419141219,0.029164404898369245,11.665761959347698,0.17665410041809082,0,423
"frozen-lake-(20, 20)",PI,0.95,0.001,5.263157894736847e-05,49,0.0010523193664211256,0.0010523193664211256,0.0293380551128713,11.73522204514852,0.18010401725769043,0,423
"frozen-lake-(20, 20)",PI,0.95,0.001,5.263157894736847e-05,50,0.0009942258709028096,0.0009942258709028096,0.029503818486787767,11.801527394715107,0.18477487564086914,2,425
"frozen-lake-(20, 20)",PI,0.95,0.001,5.263157894736847e-05,51,0.0009282564312081062,0.0009282564312081062,0.029659954947534525,11.86398197901381,0.18813061714172363,3,428
"frozen-lake-(20, 20)",PI,0.95,0.001,5.263157894736847e-05,52,0.0008691883274597606,0.0008691883274597606,0.029808956697702754,11.923582679081102,0.19135570526123047,2,430
"frozen-lake-(20, 20)",PI,0.95,0.001,5.263157894736847e-05,53,0.0008161306950490166,0.0008161306950490166,0.02994929869138363,11.979719476553452,0.19469785690307617,0,430
"frozen-lake-(20, 20)",PI,0.95,0.001,5.263157894736847e-05,54,0.0007601805781598525,0.0007601805781598525,0.03008320296672239,12.033281186688956,0.19893169403076172,0,430
"frozen-lake-(20, 20)",PI,0.95,0.001,5.263157894736847e-05,55,0.0007154866732306045,0.0007154866732306045,0.03020932879799638,12.083731519198553,0.20251679420471191,1,431
"frozen-lake-(20, 20)",PI,0.95,0.001,5.263157894736847e-05,56,0.0006697040959253789,0.0006697040959253789,0.030329658704435967,12.131863481774387,0.20568060874938965,1,432
"frozen-lake-(20, 20)",PI,0.95,0.001,5.263157894736847e-05,57,0.0006256690744645271,0.0006256690744645271,0.030443010897189912,12.177204358875965,0.21010756492614746,1,433
"frozen-lake-(20, 20)",PI,0.95,0.001,5.263157894736847e-05,58,0.0005882512998568179,0.0005882512998568179,0.03055115364793535,12.220461459174139,0.21357369422912598,4,437
"frozen-lake-(20, 20)",PI,0.95,0.001,5.263157894736847e-05,59,0.0005478426308151638,0.0005478426308151638,0.030653042584041095,12.261217033616438,0.21710658073425293,4,441
"frozen-lake-(20, 20)",PI,0.95,0.001,5.263157894736847e-05,60,0.0005153545574453217,0.0005153545574453217,0.030750256079259745,12.300102431703898,0.2210984230041504,3,444
"frozen-lake-(20, 20)",PI,0.95,0.001,5.263157894736847e-05,61,0.0004819753629566881,0.0004819753629566881,0.030841876018530293,12.336750407412117,0.2249925136566162,1,445
"frozen-lake-(20, 20)",PI,0.95,0.001,5.263157894736847e-05,62,0.0004504440950818464,0.0004504440950818464,0.030929307711463693,12.371723084585478,0.22806143760681152,0,445
"frozen-lake-(20, 20)",PI,0.95,0.001,5.263157894736847e-05,63,0.00042291036422383715,0.00042291036422383715,0.031011733338854076,12.40469333554163,0.23171329498291016,0,445
"frozen-lake-(20, 20)",PI,0.95,0.001,5.263157894736847e-05,64,0.00039289629905204376,0.00039289629905204376,0.031090403405252275,12.43616136210091,0.23535656929016113,1,446
"frozen-lake-(20, 20)",PI,0.95,0.001,5.263157894736847e-05,65,0.00037021197827807883,0.00037021197827807883,0.031164591855177722,12.465836742071088,0.23958539962768555,0,446
"frozen-lake-(20, 20)",PI,0.95,0.001,5.263157894736847e-05,66,0.0003421200510382097,0.0003421200510382097,0.03123541209103689,12.494164836414756,0.24295949935913086,0,446
"frozen-lake-(20, 20)",PI,0.95,0.001,5.263157894736847e-05,67,0.0003233993710153038,0.0003233993710153038,0.03130221930847509,12.520887723390038,0.24744653701782227,0,446
"frozen-lake-(20, 20)",PI,0.95,0.001,5.263157894736847e-05,68,0.0002974673420427787,0.0002974673420427787,0.03136600388653349,12.546401554613395,0.25109362602233887,1,447
"frozen-lake-(20, 20)",PI,0.95,0.001,5.263157894736847e-05,69,0.00028197372693270634,0.00028197372693270634,0.03142619458979425,12.570477835917702,0.25446462631225586,2,449
"frozen-lake-(20, 20)",PI,0.95,0.001,5.263157894736847e-05,70,0.00025876248325851225,0.00025876248325851225,0.03148367076913907,12.593468307655627,0.258711576461792,0,449
"frozen-lake-(20, 20)",PI,0.95,0.001,5.263157894736847e-05,71,0.0002454377947188127,0.0002454377947188127,0.031537926212422476,12.61517048496899,0.2618696689605713,0,449
"frozen-lake-(20, 20)",PI,0.95,0.001,5.263157894736847e-05,72,0.00022603727833182125,0.00022603727833182125,0.03158974360080024,12.635897440320095,0.26543164253234863,1,450
"frozen-lake-(20, 20)",PI,0.95,0.001,5.263157894736847e-05,73,0.00021330949048975478,0.00021330949048975478,0.031638675204995054,12.655470081998022,0.2686634063720703,0,450
"frozen-lake-(20, 20)",PI,0.95,0.001,5.263157894736847e-05,74,0.00019710556481326164,0.00019710556481326164,0.03168541449218787,12.674165796875148,0.27182841300964355,0,450
"frozen-lake-(20, 20)",PI,0.95,0.001,5.263157894736847e-05,75,0.0001851309169362339,0.0001851309169362339,0.0317295641017876,12.69182564071504,0.2748856544494629,0,450
"frozen-lake-(20, 20)",PI,0.95,0.001,5.263157894736847e-05,76,0.00017160529854156475,0.00017160529854156475,0.03177173911475569,12.708695645902276,0.27882981300354004,0,450
"frozen-lake-(20, 20)",PI,0.95,0.001,5.263157894736847e-05,77,0.00016047393404847177,0.00016047393404847177,0.03181158805092397,12.724635220369587,0.283066987991333,0,450
"frozen-lake-(20, 20)",PI,0.95,0.001,5.263157894736847e-05,78,0.00014919017517529137,0.00014919017517529137,0.03184965639690404,12.739862558761615,0.28717684745788574,0,450
"frozen-lake-(20, 20)",PI,0.95,0.001,5.263157894736847e-05,79,0.0001389431670140301,0.0001389431670140301,0.031885633715841716,12.754253486336687,0.2907876968383789,0,450
"frozen-lake-(20, 20)",PI,0.95,0.001,5.263157894736847e-05,80,0.0001295343913626651,0.0001295343913626651,0.031920003567742626,12.76800142709705,0.2942678928375244,0,450
"frozen-lake-(20, 20)",PI,0.95,0.001,5.263157894736847e-05,81,0.0001201771450094341,0.0001201771450094341,0.031952492183824205,12.780996873529682,0.29747700691223145,0,450
"frozen-lake-(20, 20)",PI,0.95,0.001,5.263157894736847e-05,82,0.00011233541530828589,0.00011233541530828589,0.031983528040974554,12.793411216389822,0.30060315132141113,0,450
"frozen-lake-(20, 20)",PI,0.95,0.001,5.263157894736847e-05,83,0.00010384811111402437,0.00010384811111402437,0.03201287160010105,12.805148640040422,0.3038492202758789,1,451
"frozen-lake-(20, 20)",PI,0.95,0.001,5.263157894736847e-05,84,9.731527859047767e-05,9.731527859047767e-05,0.03204090369708817,12.816361478835267,0.3070712089538574,1,452
"frozen-lake-(20, 20)",PI,0.95,0.001,5.263157894736847e-05,85,8.966091878489374e-05,8.966091878489374e-05,0.03206741302610097,12.82696521044039,0.3103981018066406,1,453
"frozen-lake-(20, 20)",PI,0.95,0.001,5.263157894736847e-05,86,8.422079419147938e-05,8.422079419147938e-05,0.03209273464071618,12.83709385628647,0.313723087310791,0,453
"frozen-lake-(20, 20)",PI,0.95,0.001,5.263157894736847e-05,87,7.765637954768034e-05,7.765637954768034e-05,0.032116682587748,12.846673035099197,0.317089319229126,1,454
"frozen-lake-(20, 20)",PI,0.95,0.001,5.263157894736847e-05,88,7.282301722619233e-05,7.282301722619233e-05,0.03213955405914168,12.85582162365667,0.32014036178588867,1,455
"frozen-lake-(20, 20)",PI,0.95,0.001,5.263157894736847e-05,89,6.736624464821761e-05,6.736624464821761e-05,0.03216118584212549,12.864474336850195,0.3236382007598877,0,455
"frozen-lake-(20, 20)",PI,0.95,0.001,5.263157894736847e-05,90,6.343954506905607e-05,6.343954506905607e-05,0.03218184127254528,12.872736509018113,0.32744431495666504,0,455
"frozen-lake-(20, 20)",PI,0.95,0.001,5.263157894736847e-05,91,5.933741107318202e-05,5.933741107318202e-05,0.03220137743236328,12.880550972945311,0.33089661598205566,1,456
"frozen-lake-(20, 20)",PI,0.95,0.001,5.263157894736847e-05,92,5.5876247003481747e-05,5.5876247003481747e-05,0.032220028373687495,12.888011349474999,0.3340327739715576,3,459
"frozen-lake-(20, 20)",PI,0.95,0.001,5.263157894736847e-05,93,5.2203882669139834e-05,5.2203882669139834e-05,0.03223767460847047,12.895069843388189,0.33721470832824707,1,460
